Returns
[ -264.81600118  -288.01204871  -139.06799082  -207.23909497
  -252.35006144  -260.19670507  -213.98001312  -161.73401176
  -202.8440573   -250.3402678   -236.30107179  -239.62518198
  -139.80713841  -170.44161961  -144.96736481  -172.38966334
  -138.74408331 -1023.32464929  -201.80360358 -1036.5115786
  -142.09779723 -1041.40368973  -117.30228986 -1062.95581526
 -1010.30995148 -1014.28827382  -117.69351713  -131.3378963
 -1018.80064851 -1057.53479185 -1009.48503703 -1021.00228682
  -121.15484445 -1029.36436346 -1010.77329745 -1022.38139666
 -1036.26421585  -111.28555005]
Lengths
[ 136  590  103  169  743  456  174 1521 2210 1407 1625 1059   36 1817
   50  132 3852 5001  516 5001 2076 5001 1355 5001 5001 5001 3468  401
 5001 5001 5001 5001 2445 5001 5001 5001 5001 1312]
Losses
[3.49348927e+00 2.73727393e+03 7.42664246e+02 ... 2.26441622e+00
 1.96616507e+00 2.35884571e+00]
